0 0
0 0
885 532
906 539
886 533
865 530
843 527
822 525
801 523
783 524
767 525
757 525
750 526
746 527
745 527
745 527
749 526
752 525
756 524
759 522
762 520
766 519
769 519
771 519
772 519
773 520
774 520
774 520
774 519
773 520
773 520
774 520
773 519
773 520
774 520
774 519
774 519
774 519
774 520
774 519
774 520
774 519
774 519
774 519
774 519
775 519
774 519
774 519
775 519
775 519
775 519
775 519
775 519
776 519
776 519
776 519
777 519
777 519
777 519
777 519
777 519
776 519
776 519
777 519
776 519
776 519
776 519
776 519
776 519
776 519
776 519
776 519
776 519
776 519
777 519
776 519
776 519
776 519
777 519
777 519
777 519
777 519
777 519
777 519
776 519
776 520
776 519
776 519
776 520
776 519
776 520
776 519
776 519
777 519
776 519
776 520
776 519
776 519
776 519
776 519
776 519
776 519
776 519
776 519
776 519
776 519
775 520
776 520
775 519
775 520
775 519
775 519
775 519
776 519
776 519
776 520
776 519
776 520
776 519
776 520
775 519
775 519
775 519
774 520
774 520
774 520
775 520
775 519
774 519
774 519
774 519
774 519
774 519
774 519
774 520
774 520
775 520
774 520
775 520
776 520
775 520
775 520
775 520
774 520
775 519
775 520
775 520
775 520
775 519
775 520
774 520
774 519
775 519
775 519
774 519
774 519
774 519
774 519
773 518
774 520
774 519
774 519
774 519
774 519
774 519
774 519
774 518
774 519
774 519
774 519
775 519
775 520
775 520
775 520
775 520
774 520
774 520
774 519
774 520
774 520
775 519
775 520
775 520
775 520
774 520
775 520
775 519
775 520
774 519
774 519
775 520
774 519
774 519
774 520
774 520
774 519
775 520
775 519
775 520
774 519
774 519
775 519
774 519
775 519
774 519
774 519
774 519
774 519
774 519
774 519
775 519
774 519
773 519
774 519
774 519
773 519
773 519
773 519
773 519
773 519
773 519
773 519
773 519
773 519
774 519
774 519
774 519
774 519
774 519
774 519
773 519
775 519
774 519
774 519
774 519
774 519
774 519
774 518
774 519
774 519
774 519
774 519
774 519
774 519
773 519
774 519
774 519
773 519
774 519
773 519
773 520
774 519
773 519
774 519
774 519
774 519
774 519
774 519
774 519
774 519
774 519
774 519
774 520
774 519
774 519
774 519
774 519
775 519
775 519
775 519
775 519
775 519
775 519
774 519
775 519
774 519
774 519
775 519
776 519
775 519
776 519
775 520
775 519
775 519
775 519
775 519
775 520
776 519
775 519
775 520
775 519
775 519
775 519
775 519
775 519
774 519
775 520
774 519
774 520
775 519
775 519
774 520
775 519
775 520
774 519
774 519
774 519
774 519
774 519
774 519
774 519
773 518
774 519
774 519
774 519
775 519
774 519
774 519
774 519
773 519
772 519
772 519
772 519
773 519
772 519
772 519
774 518
774 519
773 519
773 519
773 519
773 519
773 519
773 520
772 520
772 519
772 520
772 520
772 520
773 520
773 519
774 519
774 519
774 520
775 520
773 519
773 520
773 519
773 519
774 520
774 520
776 520
776 520
776 520
777 520
776 520
776 520
776 520
776 520
777 520
777 520
776 520
775 519
775 520
775 519
774 520
774 520
775 520
775 520
775 520
775 520
776 520
775 520
776 520
775 520
775 520
776 520
776 520
776 521
776 520
777 521
777 520
776 521
776 520
775 520
774 520
773 520
774 519
774 519
772 520
772 520
773 520
773 520
773 520
773 519
774 519
775 519
774 518
775 518
775 518
774 518
774 518
773 519
773 519
775 519
775 519
775 519
776 519
777 519
777 519
777 519
777 519
777 519
776 519
776 519
775 519
775 519
775 519
775 519
776 519
777 519
777 519
777 519
777 520
777 519
776 520
776 519
776 520
776 519
775 519
776 519
774 519
775 518
775 518
775 518
776 517
776 517
776 518
776 518
777 518
777 518
777 518
777 518
778 518
778 518
777 518
777 518
778 518
777 518
777 519
777 518
778 519
777 519
777 519
777 518
777 518
777 519
777 518
777 518
776 518
776 518
776 518
775 518
776 518
775 518
774 518
774 518
774 518
773 518
773 517
773 518
773 518
773 517
773 517
773 517
774 517
774 517
774 517
774 517
775 517
775 517
775 517
774 517
774 517
774 517
774 516
773 517
773 517
773 517
772 517
772 517
772 517
772 517
772 517
772 517
772 517
772 517
773 517
772 517
772 516
773 516
772 516
772 517
772 516
773 516
773 516
772 516
772 516
772 516
773 516
773 515
774 516
775 516
775 517
775 516
775 516
774 516
773 516
772 516
773 515
773 516
773 516
773 516
773 516
774 515
773 516
773 516
774 516
774 515
774 516
774 515
775 516
776 515
775 516
776 516
775 516
776 516
777 515
777 516
775 515
777 516
776 516
776 516
776 516
776 517
777 516
775 516
776 517
776 516
777 515
777 516
776 516
777 517
776 516
777 517
777 517
777 517
776 517
776 517
775 518
777 517
776 518
776 518
775 518
776 519
776 517
777 517
776 518
775 517
776 518
776 518
777 517
777 517
776 517
777 517
776 517
776 517
776 517
776 517
775 517
776 517
775 517
775 516
776 516
775 515
776 516
775 517
775 517
774 516
775 517
774 517
774 517
774 516
774 516
773 516
773 517
775 517
773 517
773 517
773 518
774 517
772 518
774 518
774 518
773 518
772 519
773 518
774 517
772 518
772 517
773 517
771 518
771 518
770 518
771 517
770 517
771 517
770 517
770 517
770 517
770 517
770 517
770 517
770 517
770 517
771 517
770 516
770 517
770 517
770 516
770 516
770 517
770 516
770 516
770 516
770 517
770 517
770 517
770 517
770 517
770 517
770 517
771 517
770 517
770 517
770 517
769 517
770 517
770 517
770 517
769 518
770 517
771 517
769 517
769 518
769 517
769 517
769 517
769 517
768 517
768 517
769 517
769 517
770 517
768 517
769 517
768 517
768 516
769 516
769 517
770 516
769 517
770 516
770 516
771 516
771 515
772 516
772 516
772 516
773 516
775 517
773 517
773 516
773 517
772 517
772 517
772 517
772 517
772 517
772 517
772 517
772 517
772 517
772 517
772 517
773 517
772 517
773 517
773 517
773 516
772 517
772 517
772 517
772 517
772 516
772 517
771 516
772 516
772 516
772 516
771 516
772 516
771 516
771 516
772 516
771 516
772 516
772 516
771 517
773 517
772 517
773 517
773 517
772 517
772 517
772 517
772 517
772 517
772 517
772 517
772 517
772 517
772 517
772 517
773 517
773 517
773 517
772 517
772 517
773 517
773 517
773 517
773 517
774 517
772 516
773 516
774 517
774 516
773 516
774 517
773 517
773 517
774 516
773 517
774 517
773 517
773 517
773 517
773 517
773 517
773 517
773 517
773 518
772 517
773 517
772 518
773 517
772 517
772 517
773 517
773 517
773 518
773 517
772 517
772 517
772 517
772 517
772 517
772 517
773 517
773 517
773 517
773 517
773 517
773 517
773 517
773 518
774 517
774 517
772 517
771 517
772 517
771 517
771 517
772 517
772 516
771 516
772 517
772 517
772 517
772 517
772 516
773 517
772 516
773 517
772 517
772 517
772 517
772 516
773 517
772 517
773 517
773 517
773 517
772 517
773 516
773 517
774 517
773 517
773 517
773 516
773 516
774 516
773 516
773 517
773 517
773 517
773 517
773 517
773 517
773 517
774 517
773 517
773 517
774 517
774 517
773 517
773 517
773 517
773 517
774 517
773 517
773 517
773 517
773 517
773 517
774 517
773 517
773 517
773 517
772 517
773 518
773 518
772 518
773 518
772 518
772 517
772 517
772 517
772 518
773 517
772 517
773 518
772 517
773 518
773 518
773 517
774 517
773 517
773 517
773 517
773 517
773 517
773 518
773 517
773 518
772 517
773 518
774 518
773 518
773 518
772 518
773 518
773 518
772 517
773 517
773 518
773 517
773 518
774 518
773 517
774 518
774 518
774 518
775 518
773 517
774 518
774 518
774 518
774 517
774 517
775 518
775 518
775 518
774 518
774 518
774 518
774 518
774 518
774 518
775 518
775 518
775 518
775 518
775 517
775 518
775 517
775 518
776 518
775 517
775 518
775 517
775 517
775 518
775 518
775 518
775 518
775 518
775 518
775 518
775 518
775 518
775 518
775 518
775 518
775 518
775 518
774 518
774 518
775 518
774 518
775 518
775 518
774 518
775 518
774 518
775 518
775 517
774 518
775 518
775 518
775 518
775 518
775 518
775 518
776 517
775 517
776 518
776 517
776 518
776 518
776 517
776 518
775 517
775 518
776 518
776 518
776 518
775 518
776 518
775 518
776 518
776 518
776 518
776 518
775 518
776 517
776 518
776 517
776 518
775 518
775 518
776 518
776 518
776 518
776 518
776 518
776 518
776 518
775 518
775 518
775 519
775 518
775 518
774 518
775 518
775 517
776 518
775 518
775 518
775 518
775 518
775 518
775 518
775 518
775 518
775 518
775 517
775 518
776 518
774 518
776 518
775 518
776 518
775 518
776 518
776 518
775 518
775 518
775 518
775 518
775 518
776 518
774 518
775 518
775 518
775 518
776 518
776 518
775 518
775 518
775 519
776 518
776 518
776 518
776 518
777 518
776 518
776 518
776 518
776 518
776 518
776 518
776 518
776 518
776 518
776 518
776 518
776 518
776 518
777 518
776 518
776 518
776 518
776 518
776 519
778 518
775 518
775 518
776 518
775 518
775 518
775 518
775 518
775 518
774 519
774 518
774 519
774 519
774 518
774 518
774 518
774 518
775 518
773 518
774 518
774 518
775 518
775 519
775 519
775 518
774 518
774 518
774 518
775 518
774 518
775 518
775 518
774 518
774 518
774 518
773 518
774 518
774 518
774 518
774 518
774 519
774 518
775 518
774 518
774 518
774 518
774 519
774 518
774 518
774 518
773 518
774 518
775 518
775 518
774 518
774 518
774 518
773 518
773 518
774 518
774 518
774 518
774 518
774 518
773 518
773 519
773 518
774 518
774 518
773 519
773 518
774 519
773 518
773 518
775 518
773 518
774 518
774 518
773 518
774 518
773 518
773 518
773 518
774 518
773 518
774 518
773 518
773 518
774 518
773 518
773 518
773 518
772 519
773 519
772 519
773 519
773 518
773 518
773 519
773 519
773 519
774 519
774 519
773 519
773 519
774 519
773 518
773 519
773 518
773 519
773 518
773 518
773 519
773 519
773 519
774 519
773 519
773 519
773 518
773 518
773 518
773 519
773 519
773 519
773 519
773 519
773 519
773 519
773 519
774 519
774 519
773 519
773 519
773 519
773 519
775 519
774 519
773 519
774 519
774 519
774 519
774 519
774 519
773 519
774 519
774 519
774 519
774 519
774 519
774 519
774 519
773 519
773 519
773 519
773 519
773 519
774 519
774 519
774 519
773 519
773 519
773 519
773 519
774 519
773 519
774 520
774 519
774 520
774 519
773 520
774 519
774 520
775 520
774 520
774 520
774 520
774 520
774 520
773 520
774 520
774 520
773 519
774 520
774 520
774 520
774 520
774 519
774 519
775 520
775 520
774 520
774 520
774 519
774 520
774 520
774 519
775 519
774 520
774 519
774 519
774 520
775 520
775 519
774 520
774 520
775 520
775 520
774 520
774 520
775 520
774 520
775 520
774 520
775 520
774 520
774 520
775 520
774 520
774 520
774 519
774 520
774 520
775 519
775 520
774 520
774 520
774 520
775 520
775 520
775 520
775 519
775 519
775 519
775 519
775 520
775 519
775 519
776 520
776 520
775 520
775 520
775 520
776 520
775 520
775 520
776 520
776 520
776 520
776 520
776 520
776 520
776 520
776 520
776 520
776 520
776 520
776 520
776 520
776 520
776 520
776 520
776 520
776 520
776 520
776 520
776 520
776 520
776 520
776 520
776 520
776 520
777 520
777 520
776 520
777 520
776 520
776 520
776 520
776 520
776 520
777 520
776 519
776 520
776 520
776 520
777 520
776 520
776 520
776 520
776 520
776 520
776 519
776 519
776 520
776 520
777 520
776 520
775 520
776 520
776 520
776 520
776 520
776 520
776 520
776 520
776 520
776 520
777 520
777 520
777 520
776 520
776 520
776 520
776 520
776 520
777 520
777 520
777 520
776 520
777 520
776 520
777 520
776 520
776 520
777 520
777 520
777 520
776 520
777 520
777 520
777 520
777 521
777 520
778 521
777 520
777 520
777 520
777 520
777 520
777 520
777 519
776 519
777 519
777 519
777 520
777 520
777 520
777 520
778 520
778 520
778 520
778 520
779 520
780 520
779 520
779 520
779 520
779 520
778 520
778 520
779 520
777 520
777 520
778 520
778 520
779 519
779 520
779 520
778 519
778 519
778 520
777 520
776 519
776 520
776 520
776 520
776 520
776 520
777 520
778 520
777 520
778 520
778 520
778 520
780 520
780 521
780 520
780 520
780 520
780 520
780 520
780 521
781 520
780 521
779 520
779 520
780 520
779 520
779 520
780 520
779 520
780 520
779 520
780 520
779 520
779 520
779 520
778 520
778 520
779 520
779 520
779 520
779 520
779 520
779 520
779 520
779 520
779 521
779 520
779 521
780 520
779 520
780 521
780 521
780 520
780 521
780 521
780 521
780 521
779 521
781 521
781 521
780 521
779 521
779 521
781 521
781 521
780 521
780 521
780 521
780 521
781 521
780 521
781 521
779 521
780 521
780 521
0 0
