0 0
0 0
887 554
890 565
861 556
851 553
838 545
808 548
792 553
770 550
755 550
751 553
747 548
755 550
747 553
751 550
753 550
757 549
760 547
763 548
767 545
772 546
774 546
775 545
775 542
775 540
774 545
775 546
775 546
775 546
777 545
777 545
774 546
777 546
777 545
775 545
778 545
778 545
778 543
775 546
775 544
777 544
775 544
775 544
775 544
778 542
775 546
773 547
773 547
773 546
777 543
777 543
775 544
778 545
781 543
778 543
778 545
778 543
777 545
781 540
780 543
780 543
775 543
774 541
774 543
780 543
780 540
780 543
781 542
778 545
781 542
778 542
780 546
780 546
780 543
778 545
778 542
777 545
778 545
778 542
780 539
780 540
777 545
777 545
783 540
778 540
780 539
778 542
778 545
780 540
777 546
778 540
777 542
778 542
778 542
778 543
777 540
777 539
777 540
777 542
778 543
777 542
777 540
775 540
777 539
775 542
777 542
775 542
775 543
775 543
777 542
780 540
780 542
777 543
778 545
780 540
778 545
780 543
778 542
780 543
781 542
778 542
778 543
778 545
778 545
777 542
778 542
778 545
777 543
775 545
773 544
775 545
775 545
775 545
777 543
777 542
777 542
773 547
775 545
777 543
780 543
777 546
777 543
777 543
778 545
777 546
783 540
780 542
776 543
776 545
778 545
778 540
776 545
779 542
778 542
774 542
770 544
771 544
771 550
773 547
771 546
774 543
771 549
776 543
774 543
774 542
776 542
776 542
777 540
776 542
776 542
777 540
780 537
781 542
779 540
779 539
776 543
776 542
775 540
775 540
775 540
776 542
777 540
776 545
780 540
781 539
781 539
780 539
777 543
776 542
775 545
775 545
777 543
775 545
776 542
776 542
776 543
775 542
776 543
776 542
780 539
778 540
777 542
777 540
776 542
776 542
776 542
775 546
776 542
776 542
775 545
775 546
776 545
776 543
777 543
778 545
776 543
776 543
777 543
776 545
777 543
775 546
776 545
775 546
776 543
776 545
775 543
775 545
775 545
775 545
775 545
776 543
776 540
776 543
776 542
777 543
776 542
774 543
776 542
776 542
776 542
776 543
776 542
775 543
780 540
776 542
776 546
776 546
777 545
777 545
776 545
776 545
777 545
777 546
777 545
777 546
777 546
777 545
777 546
776 543
777 545
777 545
779 547
777 546
777 546
776 546
779 547
777 543
782 540
780 539
780 540
777 540
776 543
779 540
776 542
776 542
776 542
779 539
776 542
776 542
779 540
776 542
779 542
776 542
777 540
776 543
776 542
776 542
779 542
776 542
776 542
776 542
776 542
776 542
776 542
776 545
776 543
776 543
776 545
776 547
777 545
777 545
776 547
777 545
777 545
776 545
777 546
777 546
776 545
776 545
776 545
778 545
776 543
776 545
776 545
775 545
778 543
778 543
776 545
774 543
773 543
774 543
776 539
774 546
773 545
773 543
774 545
775 545
778 545
776 543
776 543
776 545
776 545
775 546
774 543
776 543
776 542
774 545
776 542
775 548
779 545
780 545
776 540
780 540
780 540
779 542
776 545
778 540
778 543
776 544
782 539
779 542
781 530
780 540
780 543
780 540
780 543
779 542
782 542
779 542
782 540
780 537
780 540
780 540
780 539
781 539
780 542
779 539
781 539
780 539
775 540
780 540
779 543
780 539
780 542
779 540
780 540
780 540
779 542
780 540
779 539
780 540
780 540
773 546
773 550
779 542
780 542
777 540
779 540
779 539
779 539
780 537
779 542
777 537
772 537
777 543
772 546
776 542
776 542
776 545
776 542
777 542
776 539
776 542
779 542
777 543
779 545
780 546
779 547
779 545
779 545
779 545
779 546
779 545
779 546
779 546
777 549
776 546
779 546
777 547
779 546
777 543
777 540
777 540
780 540
778 536
778 540
778 537
779 539
781 542
780 539
780 539
779 539
779 539
780 540
781 539
780 539
779 539
779 542
780 543
778 545
778 537
779 539
783 542
780 543
780 545
780 546
779 547
779 545
780 546
780 549
779 545
780 545
780 549
781 545
780 549
781 546
778 542
779 540
779 543
778 540
780 540
779 539
780 542
779 539
780 540
779 539
779 539
780 540
779 536
777 540
777 540
777 537
778 539
778 539
778 537
780 539
777 537
777 539
778 539
777 537
777 539
778 539
774 540
778 542
778 542
779 542
780 536
770 542
780 536
780 534
776 539
781 537
780 533
779 534
780 534
780 537
780 539
780 539
778 539
780 534
780 537
780 533
780 537
780 536
779 537
777 539
781 537
780 539
778 537
777 539
780 539
778 539
779 539
778 539
777 534
778 539
777 534
777 534
777 534
778 536
778 536
777 536
778 536
777 534
777 536
777 536
780 537
777 537
780 537
777 533
772 537
777 533
777 536
777 536
777 536
773 539
772 543
781 536
781 537
772 543
778 539
778 539
773 540
777 537
772 543
773 542
773 543
778 539
778 536
773 536
779 539
777 540
773 543
777 537
772 543
773 544
773 542
777 539
778 537
777 540
780 539
778 539
780 539
780 537
779 537
778 537
777 537
779 539
777 539
773 542
777 540
779 539
773 542
777 540
779 539
777 537
778 534
778 534
773 536
778 537
780 536
780 537
778 536
778 536
778 534
778 537
779 537
779 531
772 539
770 539
772 537
775 536
770 536
769 537
775 539
776 536
777 537
776 542
776 539
776 542
774 539
776 539
776 539
777 540
777 540
776 539
776 537
776 536
776 534
776 537
776 537
777 537
777 539
776 539
776 539
777 536
777 536
777 536
777 536
776 536
777 537
777 536
774 537
776 536
777 537
779 537
777 539
776 534
776 533
776 539
776 537
777 533
774 537
772 537
772 533
767 536
772 537
773 539
773 539
773 539
772 537
772 537
772 536
772 536
772 536
772 537
773 536
773 536
773 536
773 536
772 537
773 536
773 536
773 539
773 539
769 540
772 537
772 540
767 540
766 539
767 536
764 542
766 537
773 539
767 540
767 537
773 533
772 539
772 537
775 540
774 537
776 539
775 537
776 536
776 536
777 536
777 536
776 536
776 536
777 536
778 536
778 536
775 534
775 534
776 536
774 537
777 539
776 539
776 539
777 537
777 539
775 542
776 539
777 539
777 531
775 539
776 533
777 531
774 539
776 536
774 539
776 539
777 539
776 539
776 539
777 537
776 539
777 536
777 536
776 539
776 539
776 539
776 539
776 539
776 539
776 539
776 539
777 536
774 539
776 536
776 536
776 533
776 533
776 536
773 537
776 539
775 537
776 539
776 536
776 539
776 536
776 534
776 536
776 536
776 536
776 536
776 536
776 533
776 533
776 536
777 536
777 534
776 539
776 536
776 536
777 533
776 533
778 539
778 539
779 537
779 539
778 539
777 539
779 539
776 539
777 539
777 540
776 540
777 539
780 537
780 537
778 539
778 539
777 539
777 539
778 539
773 540
776 539
777 534
775 534
776 536
776 533
776 533
776 533
776 536
776 539
776 536
773 539
776 536
775 539
775 539
775 539
777 537
776 539
775 539
776 542
773 542
773 540
776 536
776 539
776 539
776 539
776 539
775 539
776 536
775 537
776 539
775 537
776 536
775 539
776 534
775 539
775 539
777 536
775 539
776 536
776 533
775 536
776 537
780 533
779 536
777 536
777 539
777 536
777 534
780 533
778 536
780 533
778 536
777 534
777 534
778 533
777 536
773 537
777 534
776 534
773 531
777 536
779 529
779 536
779 533
777 536
776 536
777 534
775 534
777 536
777 534
776 533
778 533
776 533
778 533
777 536
777 536
775 534
776 533
779 533
777 539
777 537
776 539
776 539
776 539
777 539
776 539
777 537
777 539
776 539
777 539
777 540
776 539
779 539
779 539
777 537
779 539
777 537
777 537
779 537
779 537
770 542
770 542
770 542
778 539
777 540
779 536
777 537
777 537
779 539
777 537
779 539
777 537
777 537
779 539
779 539
777 537
776 539
779 539
777 537
779 539
776 539
777 537
780 536
780 537
780 536
779 539
780 537
777 539
777 539
777 539
779 539
777 539
779 539
779 536
779 539
780 537
777 540
779 539
779 539
777 539
776 539
777 539
777 537
777 536
777 540
778 536
779 539
777 536
779 537
777 539
779 536
778 536
781 536
779 537
777 539
778 536
776 539
777 536
777 539
779 539
779 539
777 539
779 539
779 539
777 540
779 537
780 539
777 539
779 537
777 539
779 539
777 539
777 537
777 537
777 537
777 539
779 539
776 539
777 539
778 536
775 537
777 540
775 537
777 537
776 537
778 536
777 537
779 539
777 540
779 536
780 531
777 537
779 536
780 537
780 531
780 536
780 531
780 533
779 536
780 533
779 536
780 536
778 537
780 534
779 536
777 536
779 536
781 539
780 533
780 537
778 539
780 537
776 542
776 545
781 539
779 543
781 539
779 536
780 537
780 534
780 536
780 531
783 534
779 536
780 536
780 531
779 537
780 534
781 533
781 534
781 533
780 537
780 534
778 537
780 537
781 533
780 537
778 539
780 533
780 537
780 536
781 533
780 539
781 534
780 534
780 536
780 536
779 539
780 537
780 534
778 539
780 537
779 539
781 536
779 536
780 539
780 536
777 540
780 536
780 539
782 533
779 537
778 539
779 536
780 539
782 542
782 539
779 539
780 537
782 542
780 537
780 540
783 540
782 542
782 542
782 542
780 534
779 542
780 537
782 542
782 542
780 539
780 539
780 540
782 536
780 537
777 537
780 539
782 536
780 539
780 537
779 539
780 537
777 540
779 539
776 545
776 542
777 539
776 542
777 539
776 541
775 542
779 539
779 539
780 537
780 537
779 542
780 537
780 539
779 536
779 539
779 539
779 536
779 537
776 539
779 536
780 537
780 537
779 536
779 539
780 539
779 539
776 542
779 539
779 539
778 542
779 539
776 539
777 537
773 544
779 539
779 539
780 539
778 542
776 543
778 542
770 547
779 536
776 539
779 539
777 539
776 536
779 536
777 536
777 543
775 539
770 547
779 542
776 543
779 542
776 542
776 545
776 545
775 539
775 542
773 542
776 545
770 547
770 546
776 541
776 545
772 543
776 545
770 547
776 545
776 545
776 542
776 545
770 546
775 542
776 542
770 545
772 547
776 545
776 545
775 540
776 543
773 546
773 546
776 543
772 547
773 546
772 547
772 547
776 545
770 545
770 546
776 542
770 546
773 542
770 546
772 547
775 545
775 543
772 547
770 546
773 546
770 547
773 546
773 544
776 542
772 547
775 540
775 540
772 547
775 545
775 542
776 543
773 546
772 547
772 547
772 547
773 546
773 546
775 545
777 542
772 547
777 543
777 542
772 547
770 547
776 543
779 540
777 542
779 540
777 542
777 540
777 540
779 540
780 542
773 546
779 540
780 543
779 540
773 546
773 546
773 546
777 540
779 539
776 543
775 545
772 547
776 542
775 545
776 543
776 540
775 543
776 543
772 547
772 547
773 546
773 546
772 547
775 546
779 543
779 543
779 543
780 543
779 544
780 543
777 546
777 547
777 547
779 545
779 544
778 543
778 546
778 547
779 542
780 543
780 543
776 547
778 544
778 542
780 543
779 543
779 542
775 546
779 543
778 543
778 546
779 545
779 542
773 546
778 542
778 543
780 543
778 543
779 544
778 547
779 546
779 545
780 545
778 546
779 546
779 546
778 546
780 546
778 543
779 545
778 546
779 546
778 546
779 545
778 545
779 545
779 545
776 547
775 546
778 547
779 546
778 547
779 546
778 546
780 543
780 543
780 543
780 543
780 546
780 543
780 543
779 546
779 543
779 546
779 544
778 544
779 544
778 546
779 544
778 546
779 544
778 546
779 544
779 544
778 544
778 546
779 544
779 544
775 546
776 546
779 544
779 546
775 547
779 544
779 544
779 544
779 544
779 544
779 546
779 544
775 547
778 546
779 544
779 546
778 547
778 546
776 549
779 544
779 542
780 543
780 540
779 543
780 543
779 542
777 544
779 544
778 546
778 546
780 543
779 544
778 546
780 543
779 542
778 545
775 546
776 546
778 546
778 546
778 543
778 546
778 546
775 547
778 546
779 544
780 543
775 549
779 544
779 544
778 546
778 546
776 547
776 546
779 544
778 547
779 544
780 543
780 543
780 543
776 546
778 546
778 546
780 545
782 542
783 540
782 543
782 540
782 542
780 540
783 542
780 543
779 542
779 545
780 543
779 540
782 540
779 542
777 544
780 543
777 544
779 543
779 544
780 543
778 546
779 544
778 546
777 544
778 546
779 544
777 544
776 546
777 544
777 544
779 546
778 546
785 542
783 544
785 544
782 542
782 543
782 543
780 543
783 546
783 546
783 546
782 544
782 544
780 546
782 543
783 546
780 546
782 545
783 543
785 542
782 544
783 543
785 542
783 541
782 544
782 545
779 543
781 543
779 542
779 542
779 543
782 542
780 543
783 540
785 543
782 546
782 544
780 547
777 546
780 543
783 543
785 543
785 544
783 543
785 543
780 542
782 542
783 543
779 543
780 544
779 544
779 544
779 544
782 544
780 543
779 550
780 544
780 544
780 544
780 543
779 545
779 545
780 543
780 543
778 545
780 543
775 547
780 543
780 549
778 547
778 547
776 546
779 547
778 547
779 544
779 547
779 544
780 544
779 544
779 546
779 546
780 543
780 543
779 544
780 543
780 543
779 544
776 547
776 547
778 547
780 543
780 543
779 546
779 546
779 546
779 546
783 542
780 543
779 546
776 547
779 546
778 547
0 0
