0 0
0 0
-0.130496 -0.0285375
-0.157299 -0.0244194
-0.183524 -0.0200501
-0.214268 -0.0143935
-0.24129 -0.0114909
-0.273328 -0.011551
-0.309322 -0.0137671
-0.620972 -0.0280503
-0.628324 -0.0293209
-0.629441 -0.0330872
-0.622192 -0.0279233
-0.612855 -0.023183
-0.60588 -0.0205849
-0.322782 -0.00700869
-0.316013 -0.00542495
-0.312802 -0.00456484
-0.30735 -0.00588293
-0.30055 -0.00397729
-0.30753 -0.00616122
-0.302802 -0.006068
-0.304761 -0.00608254
-0.299806 -0.00479469
-0.302493 -0.00570621
-0.301414 -0.00555289
-0.306311 -0.00590702
-0.301073 -0.0053016
-0.299525 -0.00505671
-0.301891 -0.00537465
-0.305695 -0.00601114
-0.303709 -0.00574182
-0.296656 -0.00515999
-0.297858 -0.0041871
-0.299024 -0.00528424
-0.297412 -0.00494504
-0.300464 -0.00476115
-0.299746 -0.00455121
-0.305023 -0.00581818
-0.30025 -0.00542497
-0.296986 -0.00463994
-0.295826 -0.00463988
-0.295037 -0.00357024
-0.29949 -0.00752398
-0.297636 -0.00518309
-0.299038 -0.00548106
-0.298911 -0.00615073
-0.293995 -0.0044989
-0.289181 -0.00254714
-0.295326 -0.00490847
-0.293153 -0.00365954
-0.292967 -0.00353453
-0.291226 -0.00486345
-0.29291 -0.00527273
-0.291388 -0.0028659
-0.290467 -0.00275885
-0.29368 -0.0038704
-0.295348 -0.00324972
-0.296154 -0.0040681
-0.292558 -0.00472391
-0.292829 -0.00371947
-0.294868 -0.00556052
-0.297987 -0.0054297
-0.294001 -0.00258625
-0.294364 -0.00423083
-0.295553 -0.00566735
-0.295282 -0.00567172
-0.291747 -0.00384275
-0.296065 -0.00485524
-0.292315 -0.00233271
-0.28952 -0.00284512
-0.295081 -0.00564917
-0.297567 -0.00543072
-0.291308 -0.00378744
-0.292695 -0.00439843
-0.295673 -0.00447269
-0.291662 -0.00581538
-0.292666 -0.00491875
-0.294722 -0.00539614
-0.291584 -0.00422107
-0.297577 -0.00566498
-0.293281 -0.004673
-0.297131 -0.00596873
-0.297194 -0.00495618
-0.296719 -0.00567696
-0.296344 -0.00489361
-0.299102 -0.00765744
-0.292804 -0.00537008
-0.292123 -0.004243
-0.293343 -0.00493861
-0.29189 -0.00573902
-0.292691 -0.00296962
-0.294039 -0.00476215
-0.294812 -0.00444141
-0.29485 -0.00480444
-0.2937 -0.00371227
-0.294803 -0.00598872
-0.293648 -0.00354885
-0.295551 -0.00586845
-0.293342 -0.00437566
-0.298591 -0.00723923
-0.29655 -0.00408437
-0.297436 -0.00550613
-0.299025 -0.00598179
-0.296997 -0.00523482
-0.29492 -0.00609199
-0.29436 -0.00525706
-0.298492 -0.00655512
-0.295079 -0.00490284
-0.295361 -0.00614658
-0.293844 -0.00508196
-0.294256 -0.00583234
-0.293097 -0.00416811
-0.295166 -0.00503836
-0.294901 -0.00521789
-0.295993 -0.0074057
-0.293036 -0.00282616
-0.296048 -0.00372625
-0.296107 -0.00474248
-0.298083 -0.00524241
-0.299293 -0.00499258
-0.302829 -0.00686711
-0.295106 -0.00470898
-0.300477 -0.0050382
-0.298818 -0.0046593
-0.299788 -0.0041674
-0.297281 -0.00350303
-0.301622 -0.00597011
-0.297961 -0.00498803
-0.30093 -0.00720301
-0.300252 -0.0065007
-0.303309 -0.00658099
-0.298937 -0.00477384
-0.304736 -0.00622163
-0.299495 -0.00783673
-0.299598 -0.00524733
-0.299834 -0.00633906
-0.297544 -0.00705223
-0.2983 -0.00639041
-0.299357 -0.00534634
-0.29497 -0.00581251
-0.296264 -0.0036341
-0.296393 -0.00454877
-0.296774 -0.00507535
-0.296638 -0.00548382
-0.293351 -0.00499698
-0.294457 -0.00412913
-0.294605 -0.00453549
-0.300374 -0.00603694
-0.298338 -0.00551124
-0.298573 -0.00527661
-0.295433 -0.00322836
-0.298374 -0.00462462
-0.298988 -0.0049328
-0.297754 -0.00454294
-0.295946 -0.00427954
-0.306071 -0.00620522
-0.300213 -0.00494741
-0.297279 -0.00496909
-0.300255 -0.00377394
-0.298176 -0.00425501
-0.297257 -0.00327195
-0.297696 -0.00485247
-0.301344 -0.00640837
-0.297328 -0.00513675
-0.295628 -0.00402016
-0.297765 -0.00528545
-0.30074 -0.00737134
-0.299281 -0.00694413
-0.300366 -0.00729157
-0.297532 -0.00592592
-0.301718 -0.00693897
-0.30321 -0.00665511
-0.29652 -0.00452336
-0.304764 -0.00831843
-0.297979 -0.0069581
-0.303417 -0.0076122
-0.301733 -0.00636274
-0.296328 -0.00407882
-0.297077 -0.00552366
-0.300088 -0.00590714
-0.301079 -0.00713974
-0.301688 -0.0072823
-0.304253 -0.00632271
-0.30047 -0.00641189
-0.300292 -0.00535105
-0.300124 -0.00531646
-0.300625 -0.00473482
-0.302506 -0.00601255
-0.299929 -0.00539814
-0.29693 -0.0062459
-0.303995 -0.00625505
-0.296717 -0.00502169
-0.300184 -0.00543768
-0.298194 -0.00675087
-0.291495 -0.00179448
-0.292248 -0.00310862
-0.29901 -0.00624707
-0.297198 -0.00535648
-0.301599 -0.00582477
-0.300374 -0.00545889
-0.295801 -0.00392883
-0.300635 -0.00331917
-0.300357 -0.00512498
-0.297621 -0.00594475
-0.300135 -0.00570062
-0.300848 -0.00593496
-0.302727 -0.00561233
-0.303787 -0.00545227
-0.305813 -0.00608932
-0.300867 -0.00413367
-0.301513 -0.00585611
-0.301534 -0.00569433
-0.303336 -0.00544253
-0.297644 -0.00365908
-0.303222 -0.0060442
-0.302504 -0.00563378
-0.298106 -0.00409377
-0.302211 -0.00470571
-0.299486 -0.00633065
-0.298457 -0.00480324
-0.297125 -0.00387339
-0.302465 -0.00489864
-0.297315 -0.00454591
-0.303349 -0.00531749
-0.297964 -0.00513034
-0.302196 -0.00558986
-0.300215 -0.00552819
-0.295009 -0.00468731
-0.296506 -0.00387568
-0.296241 -0.00456394
-0.294291 -0.00317218
-0.298276 -0.00497194
-0.2966 -0.00443064
-0.292788 -0.00350821
-0.294117 -0.00360037
-0.2994 -0.00399061
-0.300154 -0.00489881
-0.296438 -0.00429192
-0.295333 -0.00498603
-0.302706 -0.00559965
-0.300433 -0.00511593
-0.29784 -0.00357355
-0.295614 -0.00479042
-0.300532 -0.00526058
-0.296992 -0.00485192
-0.294945 -0.00413681
-0.297415 -0.0046261
-0.301156 -0.00635931
-0.29749 -0.00388643
-0.301913 -0.00512482
-0.300628 -0.0050366
-0.295315 -0.00386851
-0.297918 -0.00433569
-0.301427 -0.00557969
-0.306124 -0.00621438
-0.301906 -0.00547768
-0.303147 -0.00628536
-0.296091 -0.00437318
-0.295996 -0.00494195
-0.304473 -0.00684605
-0.295745 -0.00657199
-0.297119 -0.00531115
-0.299151 -0.00591507
-0.297981 -0.00696761
-0.296483 -0.00572641
-0.297992 -0.00419241
-0.294348 -0.0039105
-0.296248 -0.00638835
-0.303268 -0.00612901
-0.300289 -0.00620884
-0.298808 -0.00627828
-0.298313 -0.00493816
-0.296656 -0.00485812
-0.298488 -0.00594691
-0.294808 -0.00598352
-0.297408 -0.0066666
-0.293871 -0.00370617
-0.297681 -0.00564494
-0.293853 -0.00477412
-0.300671 -0.00571536
-0.296783 -0.0044389
-0.298178 -0.00469975
-0.300135 -0.00601385
-0.301488 -0.00515374
-0.29962 -0.00527634
-0.30123 -0.0049606
-0.297146 -0.00269255
-0.296834 -0.0042444
-0.294729 -0.00385987
-0.301078 -0.00539363
-0.298339 -0.00568206
-0.293384 -0.00280559
-0.29791 -0.00584279
-0.295084 -0.00500677
-0.303588 -0.00540518
-0.29825 -0.00540543
-0.30293 -0.00553386
-0.303097 -0.00528015
-0.299118 -0.00503726
-0.294119 -0.00326553
-0.301409 -0.00554071
-0.297609 -0.00458678
-0.298799 -0.00327566
-0.2926 -0.0023293
-0.302072 -0.0055635
-0.294296 -0.00344209
-0.296398 -0.00373006
-0.293556 -0.00317925
-0.296507 -0.00304874
-0.304611 -0.00656846
-0.301817 -0.00572995
-0.298231 -0.00389707
-0.293257 -0.00312656
-0.295804 -0.00238982
-0.30292 -0.00635879
-0.301013 -0.0029065
-0.308087 -0.00617281
-0.302785 -0.00531173
-0.299869 -0.00445655
-0.30299 -0.00505967
-0.298777 -0.00512438
-0.301656 -0.00561795
-0.295875 -0.00420658
-0.30158 -0.00530551
-0.298819 -0.004082
-0.302727 -0.00634362
-0.29706 -0.00475343
-0.305217 -0.00524384
-0.304298 -0.00559589
-0.299154 -0.00397181
-0.306035 -0.0050453
-0.30369 -0.00503558
-0.303584 -0.00585816
-0.300046 -0.00507786
-0.297408 -0.00492948
-0.298837 -0.00393488
-0.295449 -0.00400627
-0.296581 -0.00604447
-0.293423 -0.00325997
-0.298866 -0.0054434
-0.299853 -0.00633797
-0.299916 -0.00555158
-0.296236 -0.00506451
-0.301797 -0.00733219
-0.295523 -0.00509876
-0.292102 -0.00424196
-0.290027 -0.00257218
-0.292982 -0.00423853
-0.295969 -0.00622734
-0.291491 -0.00456527
-0.294759 -0.00654881
-0.295672 -0.00700282
-0.293155 -0.00568833
-0.296217 -0.00761361
-0.29228 -0.00447976
-0.291204 -0.00519841
-0.295806 -0.00453143
-0.293988 -0.00484009
-0.294372 -0.00632184
-0.297778 -0.00647925
-0.296039 -0.00528273
-0.294599 -0.00530054
-0.293948 -0.00421302
-0.294407 -0.00634328
-0.296032 -0.00648363
-0.291891 -0.0039869
-0.301996 -0.00778857
-0.294133 -0.00613725
-0.293719 -0.00617924
-0.297466 -0.00686986
-0.291903 -0.00496226
-0.294322 -0.00541706
-0.293386 -0.00531795
-0.293798 -0.00601396
-0.296333 -0.0067667
-0.299559 -0.00695165
-0.295122 -0.00404762
-0.298908 -0.00647797
-0.300564 -0.00659054
-0.303962 -0.00687606
-0.299361 -0.00488928
-0.299894 -0.00536873
-0.301803 -0.00440231
-0.301203 -0.00335436
-0.30165 -0.00559495
-0.300812 -0.00458707
-0.303868 -0.0066983
-0.294861 -0.0034344
-0.303732 -0.00684215
-0.29993 -0.00299345
-0.302389 -0.00393054
-0.293901 -0.00329106
-0.295777 -0.00182021
-0.294546 -0.00199856
-0.295577 -0.00343582
-0.302321 -0.00516018
-0.299553 -0.00498214
-0.301139 -0.00713658
-0.298719 -0.0046567
-0.297021 -0.00449244
-0.289872 -0.00267654
-0.288839 -0.00300391
-0.293549 -0.00504648
-0.290348 -0.00526887
-0.292725 -0.00402787
-0.294483 -0.00570278
-0.291388 -0.00487199
-0.295471 -0.00570809
-0.296808 -0.00500982
-0.294767 -0.00512452
-0.295783 -0.00455785
-0.294993 -0.00393357
-0.297735 -0.00407114
-0.291224 -0.00331601
-0.298508 -0.00656892
-0.290746 -0.0039016
-0.290847 -0.005058
-0.290223 -0.00528763
-0.291795 -0.0062233
-0.294568 -0.00506678
-0.295599 -0.00555826
-0.300741 -0.00589872
-0.299812 -0.00491448
-0.297818 -0.00427072
-0.298353 -0.00503409
-0.293036 -0.00174357
-0.292962 -0.00246686
-0.29779 -0.00372422
-0.289008 -0.00132139
-0.293502 -0.00157335
-0.294042 -0.00364915
-0.291955 -0.00185278
-0.288397 -0.000473391
-0.291862 -0.00342097
-0.292638 -0.00296134
-0.286703 -0.00249687
-0.29288 -0.00348603
-0.282577 0.000317942
-0.290691 -0.00299098
-0.294379 -0.00436284
-0.290445 -0.00298168
-0.294066 -0.00363977
-0.291465 -0.0032695
-0.287441 -0.0017788
-0.293754 -0.00694516
-0.287093 -0.000798304
-0.291107 -0.004925
-0.289783 -0.00371426
-0.2887 -0.00291472
-0.289142 -0.00300973
-0.289748 -0.00223631
-0.292865 -0.00419572
-0.287777 -0.00133999
-0.290405 -0.00246233
-0.290541 -0.00229725
-0.294982 -0.00358806
-0.288687 -0.00171051
-0.293921 -0.0026435
-0.297321 -0.0019107
-0.299439 -0.00351518
-0.299114 -0.00336501
-0.295435 -0.00270164
-0.298506 -0.00474586
-0.295172 -0.00269439
-0.299841 -0.00316523
-0.294805 0.00089685
-0.295189 -0.00139666
-0.298845 -0.00246206
-0.294673 0.000105015
-0.300764 -0.0038087
-0.293891 0.000397671
-0.288247 -0.000264945
-0.294706 -0.00188524
-0.298073 -0.00294699
-0.28914 0.000607465
-0.293742 -0.00189066
-0.295188 -0.00176723
-0.293373 -0.00174302
-0.294947 -0.00116824
-0.301336 -0.00346697
-0.296502 -0.00231643
-0.296391 -0.000922552
-0.295756 -0.00136104
-0.300697 -0.00353721
-0.296727 8.17819e-005
-0.297053 -0.00010054
-0.298087 -0.000395528
-0.296967 -0.000482041
-0.300552 -0.00149889
-0.29695 -0.00138534
-0.297587 -0.000286687
-0.296631 -0.000223452
-0.298917 -0.00130424
-0.297781 -0.000929819
-0.297542 -0.000616948
-0.294865 0.00024325
-0.296748 -0.00192911
-0.294313 0.000668367
-0.290904 0.00156837
-0.299695 -0.00122366
-0.29515 0.0004983
-0.295239 -0.000289867
-0.294179 0.00175072
-0.296058 0.00136308
-0.299293 -0.000578873
-0.297174 0.00139876
-0.2981 -0.000437814
-0.298283 -0.00157342
-0.295961 0.000488722
-0.287348 0.00497595
-0.294655 2.10947e-005
-0.292453 0.000996643
-0.294968 0.00101472
-0.292825 0.00209709
-0.294381 0.000882633
-0.297921 0.000486914
-0.292131 0.00226197
-0.29295 0.00224178
-0.298265 -0.000577132
-0.292491 0.00149919
-0.29578 0.00120333
-0.292483 0.00124155
-0.297095 -0.0016559
-0.297661 -0.000619326
-0.301911 -0.00251219
-0.294359 -0.000371466
-0.296171 -0.00121789
-0.291896 -3.07961e-005
-0.296561 -0.00165347
-0.295085 -0.00190922
-0.293836 -0.00180548
-0.294747 -6.94767e-005
-0.297779 -0.00310646
-0.291902 0.000419817
-0.296498 -0.00056461
-0.29507 -0.00179575
-0.296104 -0.00323392
-0.296144 -0.00161147
-0.299455 -0.00299488
-0.294221 -0.000107722
-0.296743 -0.00164244
-0.295745 -0.00131338
-0.29559 -0.00167707
-0.288238 0.00445818
-0.292156 0.000174018
-0.296102 -0.00108126
-0.292888 -0.00248536
-0.294146 -0.000833077
-0.301601 -0.0043517
-0.293459 -0.00270259
-0.296231 -0.000590309
-0.29331 -0.00183517
-0.292599 -0.00124642
-0.297102 -0.00194303
-0.296189 -0.00240869
-0.294528 -0.00233854
-0.301219 -0.00292411
-0.294164 -0.0027131
-0.295967 -0.00312316
-0.295452 -0.00233703
-0.298111 -0.00301115
-0.299477 -0.00303843
-0.299436 -0.0037747
-0.297672 -0.00340209
-0.294094 -0.00210807
-0.290789 1.18878e-005
-0.291275 0.000481031
-0.290635 0.00113467
-0.291628 -0.00122151
-0.295823 -0.00141564
-0.291217 -0.00123253
-0.296258 -0.00100396
-0.294816 0.000854223
-0.294147 -0.00139624
-0.291008 0.00215312
-0.29348 0.00236056
-0.29897 -0.000471674
-0.295437 0.000509908
-0.293364 0.000748224
-0.291602 0.00262228
-0.297649 -0.0011183
-0.300745 -0.00171249
-0.299647 -0.00158526
-0.301452 -0.0013527
-0.303301 -0.000768966
-0.301946 -0.00129469
-0.30076 -0.00128032
-0.294644 0.00120937
-0.301757 -0.000788819
-0.300519 -0.0018253
-0.304202 -0.00258962
-0.307196 -0.00303389
-0.30136 -0.00127349
-0.301296 -0.00100758
-0.307106 -0.0023136
-0.30076 -0.0020736
-0.302756 -0.000492478
-0.302567 -0.00144107
-0.303028 -0.0035787
-0.306067 -0.00125083
-0.307064 -0.00217311
-0.309388 -0.00381018
-0.304751 -0.00354736
-0.306508 -0.00156001
-0.304644 -0.00165978
-0.306816 -0.00332628
-0.305478 -0.000683834
-0.306579 -0.00267473
-0.305382 -0.00140293
-0.305734 -0.000972297
-0.3053 -0.000901007
-0.302343 0.000717306
-0.302472 -0.000637036
-0.304577 -1.21032e-005
-0.305132 -0.0023169
-0.307514 -0.00226754
-0.304503 -0.000631078
-0.302777 -0.00013186
-0.305956 -0.00205767
-0.309893 -0.00374865
-0.305594 -0.000421839
-0.303122 -0.000214714
-0.305533 -0.00103987
-0.297259 0.00199611
-0.301687 0.00170269
-0.306253 -0.00240477
-0.298168 0.0014967
-0.309719 -0.00315003
-0.306198 -0.00151011
-0.30811 -0.00261334
-0.305166 -0.00172378
-0.307632 -0.00111841
-0.309353 -0.00154565
-0.309964 -0.00333917
-0.304119 -0.000361537
-0.307334 -0.0023177
-0.310859 -0.00198082
-0.305013 -0.000592413
-0.30598 -0.00197876
-0.309346 -0.00187678
-0.31001 -0.00238262
-0.30865 -0.00304468
-0.308601 -0.00335111
-0.310805 -0.00321034
-0.2969 0.00377117
-0.309205 -0.00198514
-0.307821 -0.00262932
-0.309923 -0.00309861
-0.305096 -0.000345241
-0.307575 -0.00133348
-0.309946 -0.00376216
-0.310515 -0.00282001
-0.315344 -0.00224323
-0.300159 0.00417361
-0.312868 -0.00276959
-0.308936 -0.00216356
-0.313227 -0.00330156
-0.305279 0.000184389
-0.310305 -0.00232846
-0.308834 -0.00142608
-0.309614 -0.00254729
-0.307466 0.000472211
-0.304165 2.53792e-005
-0.30581 -0.000365715
-0.306621 -3.38175e-006
-0.304736 -0.000322092
-0.302653 -0.000138769
-0.306403 -0.0012265
-0.301308 0.000908075
-0.304741 -0.00048711
-0.292837 0.00624161
-0.295537 0.000937165
-0.295865 0.00115985
-0.295647 0.000616405
-0.298658 -0.00135059
-0.298555 9.96878e-005
-0.296586 -0.00140347
-0.299765 -0.00210659
-0.298584 -0.000820286
-0.303978 -0.00207671
-0.302107 -0.00134561
-0.301939 -0.00138431
-0.299319 -0.00104371
-0.29892 0.000303029
-0.304798 -0.00169824
-0.302885 -0.00218438
-0.303624 -0.00168189
-0.297864 0.000194393
-0.300464 -0.000994121
-0.297541 -3.18223e-005
-0.299006 -0.00245762
-0.303146 -0.000747052
-0.299652 -0.00129182
-0.300627 -0.00111111
-0.292902 0.00266387
-0.296228 -7.60279e-005
-0.29992 -0.000861569
-0.303064 -0.00244056
-0.29817 -0.000380212
-0.302276 -0.000724332
-0.296701 0.00135322
-0.297568 -0.000731952
-0.296694 0.00237461
-0.298652 0.00021713
-0.300524 0.000555284
-0.300439 -0.000608942
-0.304245 -0.000749971
-0.302722 -0.000596044
-0.296123 0.000326528
-0.299876 0.000319164
-0.29593 0.000586965
-0.296619 0.000249387
-0.300288 -0.00183119
-0.300713 -0.00107405
-0.300414 -0.00236842
-0.293502 0.00040451
-0.302809 -0.00307077
-0.295241 -0.000409815
-0.296038 -0.000696962
-0.301362 -0.00120426
-0.296452 9.31458e-005
-0.301769 -0.00150592
-0.304217 -0.00167327
-0.298144 -2.224e-005
-0.30537 -0.00332893
-0.29405 0.00119565
-0.299931 -0.00228403
-0.303176 -0.0021459
-0.298595 -0.00244641
-0.29449 0.000404853
-0.300193 -0.00056994
-0.294689 0.00220722
-0.299139 -0.000459856
-0.299207 -0.00197876
-0.298082 -0.00100057
-0.300754 -0.00297398
-0.300319 -0.00187468
-0.298353 -0.000283268
-0.297647 -0.000873497
-0.297131 -0.000793432
-0.294855 -0.000853744
-0.294089 -0.000484914
-0.295327 -0.00146826
-0.298078 -0.00255308
-0.299685 -0.0029112
-0.296324 -0.00236765
-0.298285 -0.000732469
-0.296045 -0.000931526
-0.297052 -0.00106631
-0.296334 -0.00194159
-0.296764 -0.00192353
-0.295282 -0.00154568
-0.300988 -0.00285113
-0.29822 -0.00258269
-0.299968 -0.00151354
-0.298312 -0.0017543
-0.305899 -0.00365454
-0.300914 -0.00255279
-0.306945 -0.00399795
-0.300291 -0.00244544
-0.295372 -0.00094784
-0.303028 -0.0019778
-0.298696 -0.00205447
-0.303088 -0.00334005
-0.299622 -0.0030986
-0.292743 0.00083955
-0.301839 -0.00335959
-0.297212 -0.000269965
-0.303236 -0.000458014
-0.301775 -0.00125715
-0.301963 -0.00174896
-0.302977 -0.00236495
-0.301074 -0.00117787
-0.30018 -0.00241431
-0.301002 -0.00180616
-0.299534 -0.000123675
-0.302675 -0.00167256
-0.300458 -0.00108611
-0.299929 -0.00236957
-0.305376 -0.00287269
-0.299705 -0.00157178
-0.302225 -0.00273672
-0.302122 -0.00114803
-0.297796 0.00182989
-0.299061 -0.00110714
-0.30182 0.000249429
-0.300074 -0.00150007
-0.298586 0.000724758
-0.296834 0.000902575
-0.299213 0.00139244
-0.303559 -0.0024152
-0.300007 -0.00239573
-0.299636 -0.00098052
-0.301219 -0.00181862
-0.30092 -0.00167798
-0.300036 -0.00139664
-0.29289 -0.00033587
-0.302988 -0.000748703
-0.299145 -0.00208081
-0.300112 -0.00216584
-0.293215 -8.03049e-005
-0.301083 -0.00130339
-0.299982 -0.00142631
-0.301019 -0.00201708
-0.303327 -0.00258342
-0.299682 -0.00148549
-0.299027 -0.000105303
-0.296935 -0.00198102
-0.296461 -0.000195937
-0.303822 -0.00334907
-0.298751 -0.0018646
-0.297558 0.000770112
-0.297943 -0.00134918
-0.30209 -0.00102875
-0.299387 -0.000873596
-0.296432 0.000512322
-0.296786 -0.000368919
-0.297463 -0.000618269
-0.295177 -0.000900699
-0.295295 -8.83696e-005
-0.298743 -0.00178762
-0.298436 -0.000954603
-0.299625 -0.00258077
-0.306564 -0.00339054
-0.299557 -0.00242382
-0.296436 -0.00134263
-0.29788 -0.00150688
-0.294183 -0.000836339
-0.297606 -0.0012298
-0.300271 -0.00345498
-0.297575 1.94802e-005
-0.29883 -6.11303e-005
-0.29909 -0.00133808
-0.298201 -0.000632167
-0.297033 -0.00171342
-0.293546 5.66139e-006
-0.298604 -0.00187009
-0.298196 -0.00137757
-0.299405 -0.00149388
-0.307048 -0.00455715
-0.299113 -0.00218306
-0.300439 -0.0011968
-0.29655 -0.00127318
-0.296141 -0.0016063
-0.304471 -0.00374383
-0.306342 -0.00417272
-0.304063 -0.00346501
-0.297097 -0.000736564
-0.298668 -0.00164643
-0.304248 -0.00195328
-0.306777 -0.00389382
-0.302024 -0.00344594
-0.299 -0.000797375
-0.307653 -0.00530557
-0.29992 -0.00232872
-0.298448 -0.0014945
-0.295274 -0.000278525
-0.292851 -0.000422817
-0.306818 -0.00404108
-0.301443 -0.00228894
-0.306675 -0.0036463
-0.306547 -0.00521046
-0.296924 -0.00131562
-0.301061 -0.00183312
-0.296721 -0.00138922
-0.299531 -0.0033206
-0.29905 -0.00202951
-0.293015 0.000381629
-0.303089 -0.00255453
-0.298355 -0.00156378
-0.302405 -0.0033525
-0.2997 -0.0033346
-0.295024 -0.0011035
-0.302798 -0.00158837
-0.297586 -0.000965177
-0.296521 -0.00109461
-0.307404 -0.00398401
-0.304159 -0.00423047
-0.293732 0.000264501
-0.299543 -0.0016116
-0.301154 -0.00213095
-0.298084 -0.00166189
-0.300273 -0.0022843
-0.299295 -0.00234492
-0.295103 -0.0014408
-0.294739 -0.00210704
-0.296288 -0.000286264
-0.295569 -0.00231568
-0.297551 -0.00343962
-0.296757 -0.00203306
-0.29945 -0.00244929
-0.298064 -0.00239815
-0.294456 -0.00120371
-0.295805 -0.00223591
-0.294715 -0.00208841
-0.294584 -0.000765019
-0.303551 -0.00446328
-0.292754 -0.00245828
-0.298013 -0.00368416
-0.298029 -0.00346299
-0.299154 -0.00313909
-0.29554 -0.00242961
-0.296607 -0.00333632
-0.298294 -0.00355018
-0.293822 -0.0022754
-0.292862 -0.00296409
-0.302559 -0.00430126
-0.294361 -0.00240339
-0.297609 -0.0028473
-0.299522 -0.00360304
-0.293981 -0.0029878
-0.301791 -0.00438394
-0.289585 -0.000451667
-0.300876 -0.0034777
-0.295464 -0.00296291
-0.295207 -0.00162437
-0.294892 -0.0016411
-0.295547 -0.00295448
-0.300345 -0.00462623
-0.300082 -0.00458815
-0.300493 -0.00524649
-0.29492 -0.0024675
-0.300914 -0.0043472
-0.295012 -0.00322646
-0.302486 -0.00458343
-0.293536 -0.00232852
-0.296188 -0.00197246
-0.296834 -0.00361316
-0.294587 -0.00377238
-0.295859 -0.00365389
-0.300158 -0.0032311
-0.300234 -0.00419303
-0.303213 -0.0041714
-0.298393 -0.00353002
-0.295218 -0.00203803
-0.295959 -0.0028344
-0.301895 -0.00496514
-0.297018 -0.00406047
-0.295572 -0.00291171
-0.298832 -0.00386502
-0.300767 -0.00411665
-0.299792 -0.00404142
-0.295295 -0.00132537
-0.302019 -0.00451419
-0.301239 -0.0046008
-0.295335 -0.0031502
-0.301614 -0.00421857
-0.299264 -0.00497828
-0.296913 -0.00164635
-0.29752 -0.00322497
-0.294545 -0.00301071
-0.297539 -0.00430038
-0.297529 -0.00393448
-0.294674 -0.00399842
-0.294107 -0.00239757
-0.292265 -0.00253794
-0.293617 -0.00166729
-0.297894 -0.00323058
-0.294677 -0.00312633
-0.294508 -0.00280933
-0.292352 -0.00255589
-0.297422 -0.00304459
-0.302032 -0.00549592
-0.293701 -0.00281871
-0.294109 -0.00190737
-0.298752 -0.00563466
-0.299037 -0.00458009
-0.300665 -0.0039449
-0.293294 -0.00126356
-0.298848 -0.00429727
-0.297925 -0.00436626
-0.291537 -0.00141625
-0.296128 -0.00447196
-0.295031 -0.00218415
-0.297781 -0.00439706
-0.293818 -0.00323952
-0.292067 -0.00249167
-0.293258 -0.00200999
-0.296354 -0.00526616
-0.29882 -0.00471622
-0.296779 -0.00184309
-0.293899 -0.00379122
-0.301464 -0.00393203
-0.298419 -0.00297731
-0.296082 -0.00393563
-0.297518 -0.00277937
-0.2944 -0.00120226
-0.301845 -0.00387954
-0.302081 -0.00487131
-0.292065 -0.00123922
-0.299937 -0.00426723
-0.302026 -0.00463736
-0.295868 -0.00274385
-0.294959 -0.00379778
-0.295191 -0.00244348
-0.299968 -0.0047852
-0.295706 -0.00274455
-0.300892 -0.00510874
-0.304668 -0.00541231
-0.301313 -0.00471053
-0.292734 -0.00289532
-0.296627 -0.00388549
-0.293209 -0.00271167
-0.300205 -0.00381551
-0.291056 -0.00263085
-0.301952 -0.00431638
-0.294805 -0.00317571
-0.300304 -0.00445463
-0.299273 -0.00499617
-0.297805 -0.0053423
-0.300252 -0.00486152
-0.294112 -0.00282078
-0.296093 -0.00329692
-0.291872 -0.00262718
-0.299568 -0.0047103
-0.299914 -0.00450912
-0.295576 -0.00401513
-0.299383 -0.0051652
-0.295762 -0.00313679
-0.293797 -0.00392442
-0.300278 -0.0040691
-0.301514 -0.00471746
-0.292611 -0.00264883
-0.302295 -0.00534061
-0.300734 -0.00577529
-0.295957 -0.00365855
-0.289155 -0.00195086
-0.296819 -0.00374418
-0.29502 -0.00130734
-0.297933 -0.00516998
-0.291672 -0.00322218
-0.292356 -0.00306659
-0.296802 -0.00453742
-0.293103 -0.00252279
-0.296252 -0.0033881
-0.29411 -0.00166045
-0.292829 -0.00188778
-0.295549 -0.00267536
-0.293095 -0.00408469
-0.299538 -0.00463354
-0.299061 -0.0044069
-0.299673 -0.00427703
-0.29687 -0.00441136
-0.293655 -0.00221738
-0.292395 -0.00242915
-0.294963 -0.00366139
-0.293819 -0.00216364
-0.294605 -0.00197153
-0.301442 -0.00438312
-0.30003 -0.00555805
-0.300235 -0.00481783
-0.295464 -0.00365151
-0.292652 -0.0031076
-0.29564 -0.00357919
-0.303294 -0.00438679
-0.302467 -0.00465481
-0.303214 -0.00420858
-0.299103 -0.00334547
-0.301821 -0.00560065
-0.30458 -0.00548811
-0.301418 -0.0037239
-0.303473 -0.00380416
-0.298307 -0.00338932
-0.303262 -0.00420009
-0.298332 -0.00355177
-0.30073 -0.00395527
-0.302888 -0.00459939
-0.297566 -0.00219161
-0.304002 -0.00516409
-0.296347 -0.00213541
-0.300294 -0.00333315
-0.301704 -0.00451774
-0.298579 -0.00500714
-0.300151 -0.00359508
-0.300608 -0.00337216
-0.300978 -0.00394457
-0.297683 -0.00193095
-0.300867 -0.00390868
-0.29768 -0.00207099
-0.301884 -0.0035825
-0.295391 -0.00337466
-0.302016 -0.00429215
-0.303306 -0.00547343
-0.303154 -0.00518461
-0.299033 -0.00157337
-0.295945 -0.00237401
-0.304569 -0.00396907
-0.299373 -0.00218166
-0.295175 -0.00202588
-0.306635 -0.00415144
-0.302617 -0.0039104
-0.300148 -0.00336484
-0.297051 -0.00245372
-0.300705 -0.00281319
-0.299469 -0.00414767
-0.302785 -0.00492538
-0.299434 -0.00349669
-0.302973 -0.00407945
-0.303401 -0.00491183
-0.296387 -0.00204786
-0.299802 -0.00207018
-0.300458 -0.00263121
-0.299896 -0.00231552
-0.29457 -0.000840554
-0.299462 -0.00283576
-0.299571 -0.00239229
-0.305734 -0.00411313
-0.300257 -0.00331058
-0.304208 -0.00463242
-0.29985 -0.00293865
-0.294141 -0.00232858
-0.30126 -0.00336677
-0.298694 -0.0026699
-0.299735 -0.00219259
-0.29971 -0.00319018
-0.301783 -0.00460459
-0.299874 -0.00337183
-0.304908 -0.00481809
-0.304974 -0.00497362
-0.302153 -0.0049767
-0.304274 -0.00513918
-0.301736 -0.00344657
-0.301059 -0.00331848
-0.30501 -0.00487466
-0.299733 -0.00389382
-0.306736 -0.00665727
-0.305854 -0.00576585
-0.305508 -0.00412227
-0.301869 -0.00432725
-0.295935 -0.00245046
-0.303741 -0.00408601
-0.304551 -0.00637882
-0.304821 -0.00535284
-0.308801 -0.00580063
-0.305194 -0.00501139
-0.297957 -0.00242456
-0.30345 -0.00508473
-0.305732 -0.00485559
-0.306592 -0.00575943
-0.306256 -0.00492665
-0.304638 -0.00537052
-0.307442 -0.00512368
-0.307745 -0.00590826
-0.303056 -0.00615222
-0.310909 -0.00781575
-0.304693 -0.00621871
-0.305349 -0.00464518
-0.30675 -0.00514645
-0.304272 -0.00454386
-0.305935 -0.00416442
-0.305367 -0.00641272
-0.30362 -0.00513569
-0.307632 -0.0055959
-0.306459 -0.00677076
-0.301927 -0.00485465
-0.307704 -0.00484099
-0.302605 -0.0048933
-0.307156 -0.00496088
-0.307079 -0.00625235
-0.306886 -0.00478011
-0.305432 -0.0063712
-0.30547 -0.00525224
-0.305289 -0.00516252
-0.304789 -0.0061489
-0.303031 -0.00351572
-0.306774 -0.00676001
-0.307746 -0.00565008
-0.299326 -0.00397175
-0.309096 -0.00609404
-0.302041 -0.00505744
-0.306047 -0.00458027
-0.30157 -0.0029955
-0.307447 -0.00581637
-0.30824 -0.00621523
-0.303026 -0.00548259
-0.308539 -0.00656484
-0.302334 -0.00440457
-0.308235 -0.00552402
-0.304383 -0.00580962
-0.300758 -0.00422059
-0.303484 -0.00519122
-0.30245 -0.00444392
-0.2983 -0.00353586
-0.303511 -0.00436329
-0.305138 -0.00542279
-0.302429 -0.00535005
-0.302464 -0.00495544
-0.301795 -0.00506434
-0.30672 -0.00699978
-0.296887 -0.00366202
-0.29882 -0.00435081
-0.302278 -0.00532109
-0.303838 -0.00550923
-0.30171 -0.00482965
-0.301298 -0.00575082
-0.303277 -0.00589223
-0.30275 -0.00685313
-0.310156 -0.00738658
-0.304645 -0.00641175
-0.303623 -0.00638636
-0.302634 -0.00421984
-0.302657 -0.00469719
-0.304509 -0.00653926
-0.30457 -0.00642722
-0.304196 -0.00632382
-0.299111 -0.0047508
-0.302553 -0.00642597
-0.297445 -0.00494556
-0.302912 -0.00437535
-0.300953 -0.003867
-0.302352 -0.00565522
-0.304289 -0.006284
-0.304138 -0.00516019
-0.302386 -0.00564694
-0.306019 -0.00499948
-0.303526 -0.00509395
-0.30431 -0.00648571
-0.303454 -0.00566966
-0.297673 -0.00490508
-0.305092 -0.00682911
-0.305082 -0.00717498
-0.301491 -0.00593534
-0.302886 -0.00585503
-0.303649 -0.00480291
-0.301238 -0.00604679
-0.302727 -0.0050543
-0.304558 -0.00736733
-0.307042 -0.00765855
-0.302312 -0.00684975
-0.300538 -0.00595987
-0.299882 -0.00709603
-0.304604 -0.00697954
-0.307039 -0.0081944
-0.303728 -0.00657213
-0.301181 -0.00620385
-0.301759 -0.00599452
-0.305637 -0.0069747
-0.309606 -0.00805227
-0.304298 -0.00729161
-0.31027 -0.00766376
-0.306865 -0.00769652
-0.307505 -0.00593698
-0.30208 -0.00637374
-0.302882 -0.00751212
-0.303864 -0.00696942
-0.302928 -0.00650267
-0.300137 -0.005385
-0.303522 -0.00482519
-0.302093 -0.00520574
-0.302003 -0.00538233
-0.309848 -0.00911588
-0.308795 -0.00811289
-0.301976 -0.00691329
-0.303447 -0.00803989
-0.301175 -0.00577353
-0.301994 -0.0061019
-0.301332 -0.00575749
-0.304853 -0.0075314
-0.307433 -0.00813791
-0.303775 -0.00612972
-0.306115 -0.00784743
-0.301055 -0.00616839
-0.303927 -0.00790663
-0.307657 -0.00792895
-0.307244 -0.0076365
-0.302989 -0.00696161
-0.306682 -0.0077173
-0.299865 -0.00522485
-0.306723 -0.00680263
-0.300681 -0.00506387
-0.302636 -0.00694746
-0.308204 -0.00662448
-0.304741 -0.00764028
-0.300442 -0.00502668
-0.300613 -0.00623529
-0.302088 -0.00652136
-0.30221 -0.00665301
-0.301696 -0.00586326
-0.302806 -0.0060063
-0.297983 -0.00634074
-0.304336 -0.0062776
-0.304749 -0.00752305
-0.305444 -0.00613685
-0.300858 -0.00553177
-0.303982 -0.00701849
-0.300529 -0.00532404
-0.301547 -0.00702841
-0.301844 -0.00707776
-0.298835 -0.00635398
-0.296328 -0.00612302
-0.304296 -0.00816368
-0.302378 -0.0067296
-0.30401 -0.00715838
-0.295749 -0.00576722
-0.300387 -0.00763927
-0.302186 -0.00799368
-0.297318 -0.00665977
-0.299523 -0.00691615
-0.303169 -0.00769683
-0.295038 -0.00489636
-0.302385 -0.00684386
-0.299373 -0.00727394
-0.301636 -0.00644215
-0.297457 -0.00555998
-0.302474 -0.00884043
-0.301342 -0.00729553
-0.297493 -0.00687559
-0.291624 -0.00454063
-0.299765 -0.00649415
-0.296592 -0.00573251
-0.30011 -0.005939
-0.300299 -0.00613769
-0.294279 -0.00604604
-0.301812 -0.0067578
-0.299465 -0.0070026
-0.299459 -0.00806909
-0.298758 -0.00699505
-0.297071 -0.00602306
-0.306989 -0.0116796
-0.300612 -0.00723142
-0.295683 -0.00657032
-0.302628 -0.00774116
-0.29737 -0.00620463
-0.296986 -0.00672561
-0.297159 -0.00497268
-0.29702 -0.00673257
-0.300654 -0.00656102
-0.300871 -0.00732828
-0.302495 -0.00744588
-0.301439 -0.00826773
-0.300379 -0.00681453
-0.300604 -0.00708421
-0.302627 -0.00764054
-0.297861 -0.00501995
-0.304081 -0.00843265
-0.294226 -0.0056544
-0.299533 -0.00708712
-0.300441 -0.00744459
-0.302107 -0.00803943
-0.294863 -0.006396
-0.303903 -0.00884962
-0.293409 -0.00451169
-0.296003 -0.00683701
-0.301813 -0.00707321
-0.29694 -0.00532991
-0.29506 -0.00495802
-0.29801 -0.00701247
-0.299071 -0.00614507
-0.303102 -0.00833741
-0.300578 -0.00704114
-0.294237 -0.00439343
-0.298815 -0.00581396
-0.297875 -0.00704555
-0.303136 -0.00792355
-0.299607 -0.00727942
-0.296214 -0.00541092
-0.30342 -0.00868746
-0.295488 -0.00506446
-0.294171 -0.00576092
-0.292282 -0.00543632
-0.299987 -0.00725451
-0.299868 -0.00770495
-0.296084 -0.00642721
-0.302723 -0.00782382
-0.294503 -0.00579895
-0.300538 -0.00876176
-0.292028 -0.00556675
-0.294192 -0.0049716
-0.296977 -0.00682442
-0.29777 -0.00768778
-0.29918 -0.0078653
-0.29519 -0.0061277
-0.29904 -0.00710455
-0.295518 -0.00672667
-0.291356 -0.00445006
-0.296605 -0.00683772
-0.293819 -0.0058054
-0.299904 -0.00731484
-0.292803 -0.00647393
-0.300276 -0.00781709
-0.301486 -0.00854923
-0.298112 -0.00786181
-0.297702 -0.00704505
-0.301529 -0.00799264
-0.298854 -0.00788035
-0.293135 -0.00754171
-0.289871 -0.00663609
-0.294155 -0.00651626
-0.294329 -0.00608883
-0.295416 -0.00608621
-0.297235 -0.00808284
-0.296943 -0.00560936
-0.294258 -0.00580071
-0.296437 -0.00680436
-0.296305 -0.00636025
-0.293751 -0.00676612
-0.296579 -0.00771141
-0.293763 -0.00608563
-0.291224 -0.00726865
-0.29116 -0.0055804
-0.290322 -0.00790175
-0.288139 -0.00507234
-0.29187 -0.00747664
-0.291289 -0.00686455
-0.293463 -0.00615292
-0.28982 -0.00724526
-0.289776 -0.00674577
-0.290496 -0.00603615
-0.293656 -0.00753395
-0.290434 -0.00557468
-0.2936 -0.0066238
-0.296542 -0.00799937
-0.291771 -0.00689023
-0.290469 -0.00583146
-0.292068 -0.00715988
-0.290286 -0.00561673
-0.290168 -0.00669373
-0.288332 -0.00513467
-0.292483 -0.00707297
-0.292648 -0.00631104
-0.291494 -0.00717004
-0.295291 -0.00671387
-0.295394 -0.00581413
-0.300615 -0.00690993
-0.297249 -0.00586922
-0.294202 -0.0056113
-0.297286 -0.00776174
-0.295008 -0.00569814
-0.296681 -0.00787189
-0.293295 -0.00608721
-0.292009 -0.00651096
-0.292863 -0.00620474
-0.290213 -0.00713867
-0.288763 -0.00567488
-0.288506 -0.00739969
-0.288926 -0.00731531
-0.289163 -0.00753818
-0.292264 -0.00845661
-0.28676 -0.00743092
-0.288359 -0.00600068
-0.288276 -0.0067198
-0.288214 -0.00811283
-0.288197 -0.00657907
-0.285487 -0.00491777
-0.289537 -0.00731803
-0.289206 -0.00796929
-0.296413 -0.00765366
-0.289899 -0.00641827
-0.287144 -0.00630571
-0.287813 -0.00560225
-0.288316 -0.00623491
-0.288999 -0.00749037
-0.292055 -0.00698467
-0.289793 -0.00538116
-0.290274 -0.00662817
-0.289854 -0.00639495
-0.286996 -0.00449162
-0.288715 -0.00467763
-0.289659 -0.00665358
-0.29233 -0.00591644
-0.289569 -0.00677433
-0.286486 -0.00572725
-0.289018 -0.00565899
-0.297627 -0.00997546
-0.289951 -0.00704497
-0.287737 -0.00596533
-0.293677 -0.00771511
-0.291594 -0.0063703
-0.28805 -0.00590917
-0.290087 -0.00642617
-0.290723 -0.00781444
-0.286891 -0.00623001
-0.284089 -0.00760874
-0.287592 -0.00764387
-0.284154 -0.00542741
-0.289189 -0.0094021
-0.28518 -0.00766673
-0.287478 -0.00534498
-0.286982 -0.00716811
-0.285429 -0.00727924
-0.285645 -0.00743036
-0.28989 -0.00772476
-0.285195 -0.00642413
-0.286096 -0.00660792
-0.290537 -0.00928443
-0.286256 -0.0077674
-0.286294 -0.00864867
-0.290053 -0.00817976
-0.286117 -0.00731999
-0.289172 -0.00728928
-0.290455 -0.00714817
-0.284133 -0.00778065
-0.290905 -0.00898563
-0.285547 -0.00730408
-0.287694 -0.00739854
-0.283223 -0.0071076
-0.29167 -0.00839217
